.Random.seed <-
c(403L, 10L, 605156025L, -815487285L, -1347387526L, 212010620L, 
-439057729L, 296477589L, 1723761580L, 223340930L, 1683943261L, 
-726842793L, 400542014L, -1019180680L, -1625734565L, -1869167175L, 
264869896L, 1274833590L, -195747343L, -1570219997L, 1146288242L, 
-222147900L, -688956281L, 1524543581L, -47098284L, 490771578L, 
752459717L, 1058054431L, 1904611494L, -875072976L, 1463609555L, 
-307501327L, 121570848L, 1249611966L, -366267191L, 945929851L, 
1186884682L, 1821709484L, 194712495L, 734189413L, 1217539356L, 
-215788174L, 1610161645L, 791720487L, -1330724274L, -1687337304L, 
216841387L, 1927232969L, -48778792L, -1285666682L, -1327434399L, 
-1068300045L, 911349602L, -423624236L, -1699494697L, -1428240691L, 
1613196900L, -2114950070L, 1670252981L, 1441846543L, 1528422934L, 
1688009920L, -1807803773L, -772004191L, 2138925200L, 1867055982L, 
-1394660071L, -1790886485L, -1075995750L, 1662227292L, -1327386017L, 
-171083211L, 858358220L, -554780382L, -1215235203L, -1378527113L, 
-1866420834L, -850688936L, 311869883L, -996616359L, -1303210776L, 
-671589098L, -37216623L, 440505155L, 1036496466L, 1184383204L, 
2131866407L, -1177458819L, 744655476L, -934726566L, 542829733L, 
655431359L, -1694323386L, 1482683344L, 1156914675L, 111819025L, 
-1208351424L, 787809566L, 1935090153L, -1452698853L, 1922579754L, 
-938830260L, -1258425841L, -1008302779L, -1415592196L, -395141806L, 
-1665887539L, -1519670649L, 129133934L, 1846945608L, -663084213L, 
580405929L, -898826248L, 1800032038L, 999362625L, 1986789843L, 
-1426838654L, 1702944692L, -2032502985L, -1653658067L, -925778108L, 
-426288022L, -1745099051L, -873246609L, 1281954166L, 1134754464L, 
1711073123L, -709465087L, -452479120L, -1628274930L, -2055587463L, 
-1488933621L, -82110918L, 1864256828L, 1328628351L, -915641899L, 
830679020L, 513177922L, 1862338205L, 1355666199L, 285123198L, 
44077624L, -149641957L, -203853191L, 1695870664L, 77358838L, 
-683512015L, -1436006557L, 133332274L, -1753620860L, -614327609L, 
12073373L, 75025684L, -417446982L, -507591163L, 762324959L, -803283354L, 
-1790842384L, 671442707L, 2074323121L, -79398048L, 1791019262L, 
498145417L, 82315195L, 1453580682L, -330633108L, 2070139375L, 
710273573L, 1768939228L, -1024371534L, -1186842707L, 2088225639L, 
-2124691314L, 263528L, 62510443L, -333023479L, 889612696L, -1816743738L, 
406082081L, -1326818637L, -1886943198L, -1938197996L, -1924925801L, 
-657233779L, 1256893860L, 2111991690L, 701398005L, 509243983L, 
-524212906L, -1525039104L, 531169603L, 833948897L, -746084784L, 
1717246638L, -892223911L, 679380587L, 820095962L, -1780343652L, 
-1004128609L, 754195701L, 837131660L, -1647105950L, -971233219L, 
117912247L, -1297122978L, -2044747624L, -1506530309L, 1082964377L, 
2038630952L, 487164630L, -1371955375L, 1334067715L, -50276974L, 
-1719692508L, -559471129L, 1023234621L, -1372476236L, 2132339482L, 
1020117093L, -1009293057L, -2135602810L, 937778960L, -1385870413L, 
1130547281L, 2007137280L, -2094105378L, 749645609L, -879553829L, 
-1226536470L, -1927271684L, -1081623822L, 1010675968L, 2119783540L, 
645540360L, 252492218L, -1703892528L, 1036536812L, -1625491564L, 
-54166318L, -335763360L, -864333492L, 1393243936L, -662119806L, 
-265213464L, 343725036L, 1368026684L, -845813134L, -1612927120L, 
-1251401436L, 1266167352L, 166772122L, 610452944L, 274915772L, 
-1886883180L, 533595778L, -522022464L, -1523265732L, -734550384L, 
-1441352926L, -67385848L, 487659276L, 63387548L, 1336799250L, 
-1018576000L, 660631316L, -1811429080L, 324726842L, -491993136L, 
-334509460L, -551789516L, 1727882386L, 232222048L, -1773530804L, 
-1975518752L, 384798626L, 40259496L, -175364980L, 1005536188L, 
-794593166L, -644152336L, -1267335100L, 953738328L, -2021531590L, 
-401842064L, -924061124L, -367437036L, 83336898L, -814788896L, 
889771132L, 256213200L, -1109552222L, -465059288L, 143975692L, 
571599804L, -2127911630L, 257219776L, 758771252L, 338015944L, 
-1550715206L, -839917424L, -1406514452L, 1971255892L, -311828846L, 
964606752L, -497275956L, -756519712L, -2080306494L, 1112043560L, 
-1310053460L, 122301116L, 434034162L, -1491302864L, 560476068L, 
-965323336L, -1894203558L, -1029101424L, -384357508L, -1505000684L, 
812519746L, 236200704L, 597729212L, -309664944L, 1806210338L, 
1961348680L, 413177868L, -1832574884L, -1994036782L, -1430615552L, 
-787496620L, 138392808L, -878310150L, 519796432L, -1492239060L, 
1590479092L, -2060720750L, -1205683872L, 669972492L, 1066905312L, 
498985570L, 1215520424L, 1168545356L, -695739524L, 1929000242L, 
1914986096L, 608594756L, 669897688L, -1881862278L, 97260080L, 
-1551717444L, 653263444L, -1046311870L, -762759008L, 1035170492L, 
-1661256240L, -1969596574L, 1289589480L, -1047538484L, 426765820L, 
-574825998L, 1627453056L, 1860978164L, -1271741816L, -839092422L, 
-1084063920L, 837409900L, -1614729836L, 296287314L, -1186706976L, 
1779856588L, 1698250912L, -1807316606L, -1426073368L, 764539628L, 
708064572L, -66487182L, -937958288L, -941814748L, 119824440L, 
1254374170L, -293233456L, -1636734148L, 1932408724L, 1761341314L, 
1534019008L, -923299268L, -96753264L, 113887778L, 361344264L, 
2093144716L, -1984747748L, 1324220562L, -1812823680L, -132750828L, 
-161348824L, 230860346L, -1622939184L, -1609869972L, 1449345972L, 
1061219346L, 536080864L, 205112268L, -310181664L, -1947035614L, 
-925012696L, -510257652L, -1302645956L, -244972558L, 564395760L, 
-1232094652L, 475086424L, -712502470L, -2136784400L, 1685577404L, 
-1194169068L, 1969405634L, 849502304L, -1279031428L, -1354155056L, 
423374114L, 80144040L, 81120140L, 768031932L, 1351300914L, -1578069440L, 
-1001199436L, 1181682248L, 525733306L, -1944391152L, -1916494100L, 
1388641620L, 1304757522L, 1515796896L, -312025396L, 87357024L, 
320652226L, -607640792L, 1625004972L, 178528060L, 1529335154L, 
1086062384L, -1000930012L, 951159608L, 207216346L, 753570704L, 
699235068L, -596511852L, -525107134L, 2044788992L, 747484220L, 
105674064L, 1681305762L, -1357447864L, -1595827444L, -1850584356L, 
-222011054L, 545407104L, -59046108L, 866166741L, 1824644991L, 
-1116861928L, 360638774L, -1912834109L, -647825915L, -525765214L, 
-1404372592L, 762224953L, -1889389077L, 737990364L, 1187439370L, 
2084793855L, -737938359L, -487995938L, 1479300492L, 843637085L, 
-1333814937L, 166324880L, 2088953006L, -900999845L, 947837245L, 
-981310550L, -590998456L, -1860486031L, -2038760989L, 826561764L, 
-632885230L, 464970727L, -112424015L, -1922234890L, 1660946452L, 
-1947564251L, -1900306385L, -1548719640L, -907350330L, -477343885L, 
-1080072235L, 1417355186L, -643618432L, -368397975L, 924595675L, 
1313877292L, -1820321990L, -1018533393L, 144706681L, 444759822L, 
859110108L, 1880529229L, -1304922953L, 1531096640L, 1649000222L, 
1573385707L, -1587148435L, 1263200218L, -1234181736L, -790147071L, 
-1236295245L, -153503532L, 576364002L, 2000865399L, -152633919L, 
-892053690L, 561037956L, 356502581L, 1369123871L, -1733334152L, 
752439894L, 1680105187L, -572647259L, 1290897730L, 1272926000L, 
662256473L, 1654395083L, 2021458236L, -306442902L, 1008314271L, 
715239977L, 216661182L, 1585391020L, -1333347587L, -856828345L, 
-106240720L, -137161138L, 1070655099L, -1477253667L, 287495178L, 
-1400478424L, -1465332847L, 430845315L, -74093948L, -1928341326L, 
-130201593L, 1481016401L, -106122282L, -531510604L, 1815624389L, 
-1218733041L, 2037062792L, 1247825318L, 763307347L, 1206001333L, 
839660562L, 925107680L, 852060233L, -1953354117L, -1915349172L, 
1839235802L, -1961752881L, 1834616473L, -1352058194L, -1181096004L, 
-1426137043L, 805085143L, -1757325792L, 563042174L, 882579787L, 
707812173L, 1018505594L, 248507320L, 995193185L, -207160045L, 
-515529420L, -2085318846L, 48729943L, 379518625L, 2017529702L, 
1688299876L, 990350485L, 1785800127L, -218388136L, -93280394L, 
614684035L, -979923003L, -866167582L, -767454896L, -1630449543L, 
-1387965525L, -1633937124L, 288165450L, 107031103L, -2031165815L, 
-640726370L, 1597470540L, 90844957L, -592302425L, 540206544L, 
